kinematics:
  shoulder:
    x: 0
    y: 0
    z: 0.2310070
    roll: 0
    pitch: 0
    yaw: 0
  upperarm:
    x: 0
    y: 0
    z: 0
    roll: 1.5707999
    pitch: 0
    yaw: 0
  forearm:
    x: -0.7505170
    y: 0
    z: 0
    roll: 0
    pitch: 0
    yaw: 0
  wrist_1:
    x: -0.6230980
    y: 0
    z: 0.1711440
    roll: 0
    pitch: 0
    yaw: 0
  wrist_2:
    x: 0
    y: -0.1279060
    z: 0
    roll: 1.5707999
    pitch: 0
    yaw: 0
  wrist_3:
    x: 0
    y: 0.1274780
    z: 0
    roll: -1.5707999
    pitch: 0
    yaw: 0
